29664.117
26823.86
26685.133
27336.626
40458.713
42024.641
42426.762
44265.479
43130.239
46556.323
47920.919
51915.403
86751.557
90606.465
93711.659
99532.559
172659.793
184490.266
184926.276
187079.787
196757.767
198149.593
197764.327
198563.206
198522.371
196951.459
196231.764
195846.445
196003.862
196619.611
198247.71
196031.79
151686.988
143686.514
142252.47
139929.522
115587.615
112481.719
112771.072
111056.888
109386.473
109082.851
108794.826
107346.37
98146.005
97370.799
94554.362
96766.489
123218.01
128751.87
130621.118
134798.12
182303.074
193526.99
195982.505
201090.982
226800.77
230692.717
231351.958
231219.565
227381.441
225425.182
223250.896
221384.59
180924.585
172923.037
171865.235
162015.546
65181.447
51481.734
51066.192
49547.798
53192.174
53176.359
51443.289
49102.846
53641.415
51773.032
49643.909
46773.395
29055.982
26390.011
24159.985
21250.774
16074.44
15645.145
14475.037
15126.616
16197.404
15182.537
13945.663
14089.409
15193.213
14859.743
14609.221
14511.383
14889.395
13887.081
14064.618
13991.934
13946.612
14642.956
14772.071
17450.671
52476.214
76827.672
80891.722
87801.181
110980.897
112703.188
115386.782
123388.361
210081.572
223511.056
220699.877
220926.954
221771.28
221522.447
221236.129
219676.563
185098.292
178797.532
178362.148
176611.84
129695.15
124506.562
125923.444
123387.297
86738.346
80651.949
77348.466
76077.876
78443.016
78530.787
78405.564
77425.083
78520.636
78253.026
78055.491
77326.213
77496.704
77407.026
76818.421
79159.226
112515.719
118525.844
120203.351
130945.661
220817.026
232524.387
232205.036
238038.584
234619.204
234758.379
235877.109
234879.994
218079.305
213939.804
211639.343
205391.313
135050.354
125001.346
122678.783
118671.562
93064.782
87866.521
86437.679
83414.246
75681.486
