50115.604
49933.432
49884.064
49939.494
29664.117
26823.86
26685.133
27336.626
40458.713
42024.641
42426.762
44265.479
43130.239
46556.323
47920.919
51915.403
86751.557
90606.465
93711.659
99532.559
172659.793
184490.266
184926.276
187079.787
196757.767
198149.593
197764.327
198563.206
198522.371
196951.459
196231.764
195846.445
196003.862
196619.611
198247.71
196031.79
151686.988
143686.514
142252.47
139929.522
115587.615
112481.719
112771.072
111056.888
109386.473
109082.851
108794.826
107346.37
98146.005
97370.799
94554.362
96766.489
123218.01
128751.87
130621.118
134798.12
182303.074
193526.99
195982.505
201090.982
226800.77
230692.717
231351.958
231219.565
227381.441
225425.182
223250.896
221384.59
180924.585
172923.037
171865.235
162015.546
65181.447
51481.734
51066.192
49547.798
53192.174
53176.359
51443.289
49102.846
53641.415
51773.032
49643.909
46773.395
29055.982
26390.011
24159.985
21250.774
